0003   82  41
0004   68  34
0012   58  29
0014   36  18
0016   44  22
0017   10  5
0027   2  1
0011   2  1
0006   110  55
0028   54  27
0012   102  51
0025   4  2
0030   104  52
0028   42  21
0023   76  38
0030   94  47
0018   22  11
0008   18  9
0027   94  47
0006   110  55
0003   46  23
0029   4  2
0024   66  33
0031   42  21
0020   106  53
0028   94  47
0021   44  22
0027   114  57
0013   46  23
0010   98  49
0027   32  16
0018   100  50
0026   96  48
0014   80  40
0024   8  4
0029   52  26
0009   100  50
0022   20  10
0029   12  6
0028   66  33
0015   18  9
0018   48  24
0000   72  36
0016   92  46
0004   22  11
0023   48  24
0027   52  26
0002   34  17
0002   76  38
0029   18  9
